001::001.03 001.07 001.06 001.05::001.00 001.01 001.02 001.04 001.08 001.09
002::001.03 001.06 001.05::001.00 001.01 001.02 001.04 001.07 001.08 001.09
003::001.03 001.07 001.06 001.05 001.04 001.09::001.00 001.01 001.02 001.08
004::001.01 001.05::001.00 001.02 001.03 001.04 001.06 001.07 001.08 001.09
005::001.00 001.02 001.08 001.06::001.01 001.03 001.04 001.05 001.07 001.09
006::001.03 001.08 001.07 001.06 001.05::001.00 001.01 001.02 001.04 001.09
007::001.03::001.00 001.01 001.02 001.04 001.05 001.06 001.07 001.08 001.09
008::001.08 001.06::001.00 001.01 001.02 001.03 001.04 001.05 001.07 001.09
009::009.09 009.08 009.06 009.05::009.00 009.01 009.02 009.03 009.04 009.07 009.10
010::009.03 009.01::009.00 009.02 009.04 009.05 009.06 009.07 009.08 009.09 009.10
011::009.03 009.01 009.00 009.04::009.02 009.05 009.06 009.07 009.08 009.09 009.10
012::009.08 009.02 009.01 009.00 009.07 009.06 009.04::009.03 009.05 009.09 009.10
013::009.02 009.08 009.07 009.06::009.00 009.01 009.03 009.04 009.05 009.09 009.10
014::009.05::009.00 009.01 009.02 009.03 009.04 009.06 009.07 009.08 009.09 009.10
015::015.02 015.00 015.01 015.08::015.03 015.04 015.05 015.06 015.07 015.09 015.10
016::015.03 015.01 015.04::015.00 015.02 015.05 015.06 015.07 015.08 015.09 015.10
017::015.06 015.04::015.00 015.01 015.02 015.03 015.05 015.07 015.08 015.09 015.10
018::015.02 015.03 015.01::015.00 015.04 015.05 015.06 015.07 015.08 015.09 015.10
019::015.00 015.08 015.04::015.01 015.02 015.03 015.05 015.06 015.07 015.09 015.10
020::015.02::015.00 015.01 015.03 015.04 015.05 015.06 015.07 015.08 015.09 015.10
021::021.09 021.01 021.00 021.08::021.02 021.03 021.04 021.05 021.06 021.07 021.10 021.11
022::021.04 021.06 021.01 021.00::021.02 021.03 021.05 021.07 021.08 021.09 021.10 021.11
023::021.01 021.09 021.08 021.00 021.02::021.03 021.04 021.05 021.06 021.07 021.10 021.11
024::021.01 021.09 021.08 021.03 021.00::021.02 021.04 021.05 021.06 021.07 021.10 021.11
025::021.09::021.00 021.01 021.02 021.03 021.04 021.05 021.06 021.07 021.08 021.10 021.11
026::026.08 026.05 026.06 026.07::026.00 026.01 026.02 026.03 026.04 026.09 026.10
027::026.00 026.01 026.02 026.08 026.09::026.03 026.04 026.05 026.06 026.07 026.10
028::026.00 026.03 026.05::026.01 026.02 026.04 026.06 026.07 026.08 026.09 026.10
029::026.08 026.06 026.07::026.00 026.01 026.02 026.03 026.04 026.05 026.09 026.10
030::026.01 026.02 026.03 026.04 026.05 026.06 026.07 026.10::026.00 026.08 026.09
031::026.07::026.00 026.01 026.02 026.03 026.04 026.05 026.06 026.08 026.09 026.10
032::026.07::026.00 026.01 026.02 026.03 026.04 026.05 026.06 026.08 026.09 026.10
033::033.04::033.00 033.01 033.02 033.03 033.05 033.06
034::033.02 033.03::033.00 033.01 033.04 033.05 033.06
035::033.06 033.04 033.02 033.00::033.01 033.03 033.05
036::033.02 033.00 033.01::033.03 033.04 033.05 033.06
037::033.04 033.03::033.00 033.01 033.02 033.05 033.06
038::033.02 033.00 033.01::033.03 033.04 033.05 033.06
039::039.01::039.00 039.02 039.03 039.04 039.05
040::039.00 039.02 039.05::039.01 039.03 039.04
041::039.00 039.01 039.02 039.03 039.04::039.05
042::039.02 039.03 039.04 039.05::039.00 039.01
043::039.01 039.02 039.05::039.00 039.03 039.04
044::039.01 039.05::039.00 039.02 039.03 039.04
045::045.01::045.00 045.02 045.03 045.04 045.05
046::045.02 045.01 045.05::045.00 045.03 045.04
047::045.02 045.01 045.05 045.04::045.00 045.03
048::045.02 045.01::045.00 045.03 045.04 045.05
049::045.03::045.00 045.01 045.02 045.04 045.05
050::045.03 045.02::045.00 045.01 045.04 045.05
051::051.00::051.01 051.02 051.03 051.04 051.05 051.06
052::051.00 051.05::051.01 051.02 051.03 051.04 051.06
053::051.02 051.04::051.00 051.01 051.03 051.05 051.06
054::051.02 051.03 051.04 051.05::051.00 051.01 051.06
055::051.03 051.00 051.01::051.02 051.04 051.05 051.06
056::051.02 051.03::051.00 051.01 051.04 051.05 051.06
057::057.02::057.00 057.01 057.03 057.04 057.05
058::057.00 057.03::057.01 057.02 057.04 057.05
059::057.01 057.03::057.00 057.02 057.04 057.05
060::057.02::057.00 057.01 057.03 057.04 057.05
061::061.09 061.00 061.05 061.07::061.01 061.02 061.03 061.04 061.06 061.08 061.10 061.11
062::061.01 061.09 061.02 061.05::061.00 061.03 061.04 061.06 061.07 061.08 061.10 061.11
063::061.11 061.06 061.08 061.03 061.02 061.04 061.10::061.00 061.01 061.05 061.07 061.09
064::061.11 061.08 061.01 061.10 061.03 061.02 061.04 061.06::061.00 061.05 061.07 061.09
065::061.09 061.00 061.10 061.05 061.04 061.07 061.06::061.01 061.02 061.03 061.08 061.11
066::061.05::061.00 061.01 061.02 061.03 061.04 061.06 061.07 061.08 061.09 061.10 061.11
067::067.00 067.01 067.09 067.08::067.02 067.03 067.04 067.05 067.06 067.07 067.10 067.11
068::067.07 067.11 067.04 067.01 067.00::067.02 067.03 067.05 067.06 067.08 067.09 067.10
069::069.08 069.03 069.05 069.07::069.00 069.01 069.02 069.04 069.06 069.09 069.10 069.11
070::069.01 069.10 069.02 069.04 069.06 069.09::069.00 069.03 069.05 069.07 069.08 069.11
071::069.08 069.03 069.07::069.00 069.01 069.02 069.04 069.05 069.06 069.09 069.10 069.11
072::069.09 069.06::069.00 069.01 069.02 069.03 069.04 069.05 069.07 069.08 069.10 069.11
073::069.07::069.00 069.01 069.02 069.03 069.04 069.05 069.06 069.08 069.09 069.10 069.11
074::074.07 074.06 074.05 074.04::074.00 074.01 074.02 074.03 074.08 074.09 074.10
075::075.02 075.03 075.05 075.06 075.07::075.00 075.01 075.04 075.08 075.09 075.10 075.11 075.12
076::076.00::076.01 076.02 076.03 076.04 076.05 076.06 076.07
077::076.03 076.05 076.04::076.00 076.01 076.02 076.06 076.07
078::076.04 076.06::076.00 076.01 076.02 076.03 076.05 076.07
079::076.01 076.00 076.03::076.02 076.04 076.05 076.06 076.07
080::076.01 076.04::076.00 076.02 076.03 076.05 076.06 076.07
081::081.00::081.01 081.02 081.03 081.04 081.05 081.06
082::082.02::082.00 082.01 082.03 082.04 082.05 082.06 082.07
083::082.02 082.00::082.01 082.03 082.04 082.05 082.06 082.07
084::082.06 082.07 082.05 082.03::082.00 082.01 082.02 082.04
085::082.07 082.04 082.05 082.02 082.03 082.01::082.00 082.06
086::082.04 082.00::082.01 082.02 082.03 082.05 082.06 082.07
087::082.06 082.05 082.02 082.01::082.00 082.03 082.04 082.07
088::088.02::088.00 088.01 088.03 088.04 088.05 088.06 088.07
089::088.02 088.06::088.00 088.01 088.03 088.04 088.05 088.07
090::088.00 088.01 088.02 088.04 088.05 088.06 088.07::088.03
091::088.00 088.01 088.03 088.04 088.05 088.06 088.07::088.02
092::092.01::092.00 092.02 092.03 092.04 092.05 092.06
093::093.00 093.03 093.04 093.06::093.01 093.02 093.05 093.07 093.08 093.09 093.10
094::093.00 093.08 093.05 093.07::093.01 093.02 093.03 093.04 093.06 093.09 093.10
095::093.00 093.03 093.06::093.01 093.02 093.04 093.05 093.07 093.08 093.09 093.10
096::093.09 093.02 093.01::093.00 093.03 093.04 093.05 093.06 093.07 093.08 093.10
097::093.00 093.01 093.03 093.04 093.06 093.09::093.02 093.05 093.07 093.08 093.10
098::093.00 093.08 093.07::093.01 093.02 093.03 093.04 093.05 093.06 093.09 093.10
099::099.06 099.07 099.08 099.09::099.00 099.01 099.02 099.03 099.04 099.05 099.10
100::099.07 099.04 099.05 099.08::099.00 099.01 099.02 099.03 099.06 099.09 099.10
101::099.04 099.05 099.08::099.00 099.01 099.02 099.03 099.06 099.07 099.09 099.10
102::099.04 099.03 099.10::099.00 099.01 099.02 099.05 099.06 099.07 099.08 099.09
103::099.08 099.09 099.06 099.07 099.02 099.00::099.01 099.03 099.04 099.05 099.10
104::099.04 099.05 099.02 099.03 099.00 099.01 099.10::099.06 099.07 099.08 099.09
105::099.06 099.07 099.02 099.08 099.00::099.01 099.03 099.04 099.05 099.09 099.10
106::106.01 106.00 106.10 106.02::106.03 106.04 106.05 106.06 106.07 106.08 106.09
107::106.09 106.07 106.01::106.00 106.02 106.03 106.04 106.05 106.06 106.08 106.10
108::106.04 106.06 106.08::106.00 106.01 106.02 106.03 106.05 106.07 106.09 106.10
109::106.05 106.07 106.01 106.02::106.00 106.03 106.04 106.06 106.08 106.09 106.10
110::106.04 106.06 106.03::106.00 106.01 106.02 106.05 106.07 106.08 106.09 106.10
111::106.05 106.07 106.09::106.00 106.01 106.02 106.03 106.04 106.06 106.08 106.10
112::106.01::106.00 106.02 106.03 106.04 106.05 106.06 106.07 106.08 106.09 106.10
113::113.07 113.09 113.01 113.08::113.00 113.02 113.03 113.04 113.05 113.06 113.10
114::113.10 113.09 113.08 113.07 113.05 113.04 113.03 113.02 113.01 113.00::113.06
115::113.03 113.02::113.00 113.01 113.04 113.05 113.06 113.07 113.08 113.09 113.10
116::113.10 113.05 113.01 113.00::113.02 113.03 113.04 113.06 113.07 113.08 113.09
117::113.07 113.04 113.01 113.09 113.08::113.00 113.02 113.03 113.05 113.06 113.10
118::113.04 113.09 113.08::113.00 113.01 113.02 113.03 113.05 113.06 113.07 113.10
119::119.05 119.04 119.00 119.03::119.01 119.02 119.06 119.07 119.08 119.09 119.10 119.11
120::119.09 119.05 119.04 119.07 119.06 119.00 119.03 119.02 119.10 119.11::119.01 119.08
121::119.08 119.05 119.04 119.07 119.06 119.01 119.00 119.10::119.02 119.03 119.09 119.11
122::119.09 119.08 119.07 119.06 119.01 119.10 119.02 119.11::119.00 119.03 119.04 119.05
123::119.00::119.01 119.02 119.03 119.04 119.05 119.06 119.07 119.08 119.09 119.10 119.11
124::119.00::119.01 119.02 119.03 119.04 119.05 119.06 119.07 119.08 119.09 119.10 119.11
125::125.02::125.00 125.01 125.03 125.04 125.05 125.06
126::125.00 125.01 125.04 125.05::125.02 125.03 125.06
127::125.00 125.01 125.05::125.02 125.03 125.04 125.06
128::125.02::125.00 125.01 125.03 125.04 125.05 125.06
129::125.03::125.00 125.01 125.02 125.04 125.05 125.06
130::125.03 125.06 125.04::125.00 125.01 125.02 125.05
131::131.03::131.00 131.01 131.02 131.04 131.05 131.06 131.07
132::131.03 131.02 131.00 131.07 131.06 131.05 131.04::131.01
133::131.02 131.01 131.00 131.07 131.06 131.05 131.04::131.03
134::131.03 131.02 131.06 131.04::131.00 131.01 131.05 131.07
135::131.03 131.02 131.07 131.06 131.05 131.04::131.00 131.01
136::131.03 131.01 131.07 131.06 131.05 131.04::131.00 131.02
137::137.01::137.00 137.02 137.03 137.04 137.05 137.06
138::137.04 137.03::137.00 137.01 137.02 137.05 137.06
139::137.05 137.04 137.00::137.01 137.02 137.03 137.06
140::137.06 137.01 137.00 137.03 137.02::137.04 137.05
141::137.02::137.00 137.01 137.03 137.04 137.05 137.06
142::137.01 137.00 137.03::137.02 137.04 137.05 137.06
143::143.00::143.01 143.02 143.03 143.04 143.05 143.06
144::143.02 143.03 143.00 143.01 143.06 143.05::143.04
145::145.02::145.00 145.01 145.03 145.04 145.05 145.06 145.07
146::145.02 145.03 145.05 145.07::145.00 145.01 145.04 145.06
147::145.02 145.03 145.05 145.07::145.00 145.01 145.04 145.06
148::145.02 145.03 145.04 145.06::145.00 145.01 145.05 145.07
149::145.02 145.03 145.04 145.06 145.07::145.00 145.01 145.05
150::145.00 145.01 145.02 145.03 145.04 145.06 145.07::145.05
151::151.08 151.03 151.05 151.06::151.00 151.01 151.02 151.04 151.07 151.09 151.10
152::151.08 151.03 151.02 151.05 151.07 151.06::151.00 151.01 151.04 151.09 151.10
153::151.03 151.05 151.06::151.00 151.01 151.02 151.04 151.07 151.08 151.09 151.10
154::151.09 151.08 151.00 151.03 151.05 151.06::151.01 151.02 151.04 151.07 151.10
155::151.08 151.05 151.06::151.00 151.01 151.02 151.03 151.04 151.07 151.09 151.10
156::151.09 151.08 151.00 151.03 151.05 151.06::151.01 151.02 151.04 151.07 151.10
157::151.03::151.00 151.01 151.02 151.04 151.05 151.06 151.07 151.08 151.09 151.10
158::151.03::151.00 151.01 151.02 151.04 151.05 151.06 151.07 151.08 151.09 151.10
159::159.05 159.04 159.06::159.00 159.01 159.02 159.03 159.07 159.08 159.09
160::159.00 159.03 159.02 159.05 159.04 159.07 159.06 159.09 159.08::159.01
161::159.01 159.00 159.03 159.02 159.07::159.04 159.05 159.06 159.08 159.09
162::159.01 159.00 159.03 159.02 159.05 159.04 159.07 159.06::159.08 159.09
163::159.01 159.00 159.02 159.05 159.07 159.06 159.09 159.08::159.03 159.04
164::159.01 159.00 159.03 159.02 159.07 159.09 159.08::159.04 159.05 159.06
165::159.06::159.00 159.01 159.02 159.03 159.04 159.05 159.07 159.08 159.09
166::159.06::159.00 159.01 159.02 159.03 159.04 159.05 159.07 159.08 159.09
167::167.01 167.02 167.04 167.05::167.00 167.03 167.06 167.07 167.08 167.09
168::167.01 167.02 167.04::167.00 167.03 167.05 167.06 167.07 167.08 167.09
169::167.00 167.05 167.07::167.01 167.02 167.03 167.04 167.06 167.08 167.09
170::167.08 167.00 167.06::167.01 167.02 167.03 167.04 167.05 167.07 167.09
171::167.08 167.01 167.02::167.00 167.03 167.04 167.05 167.06 167.07 167.09
172::167.08 167.01 167.02 167.06::167.00 167.03 167.04 167.05 167.07 167.09
173::173.05 173.01 173.03 173.02::173.00 173.04 173.06 173.07 173.08 173.09 173.10
174::173.09 173.08 173.07 173.06 173.00 173.10::173.01 173.02 173.03 173.04 173.05
175::173.08 173.05 173.04 173.06 173.01 173.00 173.03 173.02 173.10::173.07 173.09
176::173.05 173.04 173.06 173.01 173.00 173.10 173.02::173.03 173.07 173.08 173.09
177::173.04 173.07 173.09 173.08 173.10::173.00 173.01 173.02 173.03 173.05 173.06
178::173.09 173.08 173.04 173.07 173.06 173.00 173.10::173.01 173.02 173.03 173.05
179::173.06 173.01::173.00 173.02 173.03 173.04 173.05 173.07 173.08 173.09 173.10
180::173.03::173.00 173.01 173.02 173.04 173.05 173.06 173.07 173.08 173.09 173.10
181::181.00 181.01 181.02 181.03::181.04 181.05 181.06 181.07 181.08 181.09 181.10 181.11
182::181.01 181.04 181.05 181.07 181.11 181.10::181.00 181.02 181.03 181.06 181.08 181.09
183::181.09 181.00 181.02 181.04 181.05 181.06 181.07 181.10::181.01 181.03 181.08 181.11
184::181.10 181.04 181.05 181.07::181.00 181.01 181.02 181.03 181.06 181.08 181.09 181.11
185::181.08 181.09 181.00 181.01 181.02 181.03::181.04 181.05 181.06 181.07 181.10 181.11
186::181.08 181.09 181.04 181.05 181.06 181.07 181.11 181.10::181.00 181.01 181.02 181.03
187::181.01::181.00 181.02 181.03 181.04 181.05 181.06 181.07 181.08 181.09 181.10 181.11
188::181.01::181.00 181.02 181.03 181.04 181.05 181.06 181.07 181.08 181.09 181.10 181.11
189::189.00::189.01 189.02 189.03 189.04 189.05 189.06
190::189.01 189.02 189.03::189.00 189.04 189.05 189.06
191::189.00 189.02 189.03 189.04::189.01 189.05 189.06
192::189.01 189.02 189.05::189.00 189.03 189.04 189.06
193::189.01 189.05::189.00 189.02 189.03 189.04 189.06
194::189.01 189.03::189.00 189.02 189.04 189.05 189.06
195::195.00::195.01 195.02 195.03 195.04 195.05 195.06
196::195.00 195.03 195.05 195.04 195.06::195.01 195.02
197::195.00 195.03 195.02 195.06::195.01 195.04 195.05
198::195.02 195.05 195.04 195.06::195.00 195.01 195.03
199::195.01 195.03 195.05 195.04 195.06::195.00 195.02
200::195.01 195.03 195.02::195.00 195.04 195.05 195.06
201::201.02::201.00 201.01 201.03 201.04 201.05 201.06
202::201.01 201.03 201.04::201.00 201.02 201.05 201.06
203::201.01 201.00 201.03 201.02 201.05 201.04::201.06
204::201.02 201.04::201.00 201.01 201.03 201.05 201.06
205::201.01 201.00 201.03 201.05::201.02 201.04 201.06
206::201.00 201.02 201.05::201.01 201.03 201.04 201.06
207::207.00::207.01 207.02 207.03 207.04 207.05 207.06
208::207.06 207.04 207.03 207.00::207.01 207.02 207.05
209::207.06 207.05 207.02::207.00 207.01 207.03 207.04
210::207.04 207.03 207.02::207.00 207.01 207.05 207.06
211::207.06 207.05 207.04 207.03 207.01::207.00 207.02
212::207.02 207.01 207.00::207.03 207.04 207.05 207.06
213::213.03::213.00 213.01 213.02 213.04 213.05 213.06
214::213.02 213.03 213.00 213.01::213.04 213.05 213.06
215::213.03 213.00 213.01 213.04 213.05::213.02 213.06
216::213.03 213.01 213.06 213.04 213.05::213.00 213.02
217::213.02 213.00 213.01 213.06 213.04::213.03 213.05
218::213.02 213.00 213.06::213.01 213.03 213.04 213.05
219::219.04 219.05 219.02 219.03::219.00 219.01 219.06 219.07 219.08 219.09 219.10
220::219.04 219.05 219.02::219.00 219.01 219.03 219.06 219.07 219.08 219.09 219.10
221::219.07 219.08 219.09 219.01::219.00 219.02 219.03 219.04 219.05 219.06 219.10
222::219.05 219.02 219.03::219.00 219.01 219.04 219.06 219.07 219.08 219.09 219.10
223::219.08 219.09 219.04 219.05 219.01 219.02 219.03::219.00 219.06 219.07 219.10
224::219.04 219.05 219.01 219.02 219.03::219.00 219.06 219.07 219.08 219.09 219.10
225::219.06 219.00 219.02::219.01 219.03 219.04 219.05 219.07 219.08 219.09 219.10
226::219.02::219.00 219.01 219.03 219.04 219.05 219.06 219.07 219.08 219.09 219.10
227::227.01 227.00 227.10 227.09::227.02 227.03 227.04 227.05 227.06 227.07 227.08 227.11
228::227.11 227.10 227.01 227.03 227.02 227.05 227.07 227.06::227.00 227.04 227.08 227.09
229::227.11 227.03 227.02 227.05 227.07 227.06 227.08::227.00 227.01 227.04 227.09 227.10
230::227.01 227.00 227.03 227.02 227.05 227.06::227.04 227.07 227.08 227.09 227.10 227.11
231::227.11 227.05 227.04 227.07 227.06 227.08::227.00 227.01 227.02 227.03 227.09 227.10
232::227.11 227.03 227.02 227.05 227.04 227.07 227.06 227.08::227.00 227.01 227.09 227.10
233::227.09 227.08 227.04::227.00 227.01 227.02 227.03 227.05 227.06 227.07 227.10 227.11
234::227.09::227.00 227.01 227.02 227.03 227.04 227.05 227.06 227.07 227.08 227.10 227.11
235::235.04 235.05 235.02 235.01::235.00 235.03 235.06 235.07 235.08 235.09
236::235.05 235.03 235.00::235.01 235.02 235.04 235.06 235.07 235.08 235.09
237::235.04 235.05 235.02::235.00 235.01 235.03 235.06 235.07 235.08 235.09
238::235.07 235.04 235.05 235.02 235.01::235.00 235.03 235.06 235.08 235.09
239::235.06 235.01::235.00 235.02 235.03 235.04 235.05 235.07 235.08 235.09
240::240.02 240.07 240.04 240.05::240.00 240.01 240.03 240.06 240.08 240.09 240.10
241::240.08 240.09 240.03 240.00 240.04 240.05 240.10::240.01 240.02 240.06 240.07
242::240.02 240.09 240.01 240.06 240.07::240.00 240.03 240.04 240.05 240.08 240.10
243::240.09 240.08 240.01 240.06 240.00::240.02 240.03 240.04 240.05 240.07 240.10
244::240.08 240.09 240.03 240.00 240.01 240.06 240.10::240.02 240.04 240.05 240.07
245::240.03 240.01 240.06 240.09 240.10::240.00 240.02 240.04 240.05 240.07 240.08
246::240.08 240.00 240.04 240.05::240.01 240.02 240.03 240.06 240.07 240.09 240.10
247::247.09 247.08 247.05 247.04::247.00 247.01 247.02 247.03 247.06 247.07
248::247.03 247.02 247.00 247.05 247.04 247.09 247.08::247.01 247.06 247.07
249::247.02 247.01 247.00 247.07 247.06 247.05 247.04 247.09 247.08::247.03
250::247.03 247.02 247.01 247.00 247.07::247.04 247.05 247.06 247.08 247.09
251::247.03 247.02 247.00 247.07 247.06::247.01 247.04 247.05 247.08 247.09
252::247.03 247.08 247.00 247.04::247.01 247.02 247.05 247.06 247.07 247.09
253::247.01 247.07 247.05::247.00 247.02 247.03 247.04 247.06 247.08 247.09
254::254.01::254.00 254.02 254.03 254.04 254.05 254.06
255::254.05 254.01 254.00::254.02 254.03 254.04 254.06
256::254.06 254.04 254.02::254.00 254.01 254.03 254.05
257::254.05 254.03::254.00 254.01 254.02 254.04 254.06
258::254.04 254.01 254.00::254.02 254.03 254.05 254.06
259::259.02::259.00 259.01 259.03 259.04 259.05 259.06 259.07
260::259.02 259.03 259.05 259.06::259.00 259.01 259.04 259.07
261::259.01 259.03 259.06::259.00 259.02 259.04 259.05 259.07
262::259.00 259.01 259.02 259.03::259.04 259.05 259.06 259.07
263::259.01 259.02 259.04 259.05::259.00 259.03 259.06 259.07
264::259.03 259.05::259.00 259.01 259.02 259.04 259.06 259.07
265::265.00::265.01 265.02 265.03 265.04 265.05 265.06
266::265.06 265.03::265.00 265.01 265.02 265.04 265.05
267::265.05 265.04 265.03::265.00 265.01 265.02 265.06
268::265.05 265.04 265.03 265.00::265.01 265.02 265.06
269::265.06 265.03::265.00 265.01 265.02 265.04 265.05
270::265.06 265.05 265.03 265.00::265.01 265.02 265.04
271::271.03::271.00 271.01 271.02 271.04 271.05 271.06 271.07
272::271.04 271.05 271.03 271.00 271.01::271.02 271.06 271.07
273::271.06 271.07 271.02 271.03::271.00 271.01 271.04 271.05
274::271.06 271.07 271.04 271.05 271.00 271.01::271.02 271.03
275::271.05 271.02 271.03::271.00 271.01 271.04 271.06 271.07
276::271.06 271.07 271.05 271.02::271.00 271.01 271.03 271.04
277::277.08 277.00 277.01 277.02::277.03 277.04 277.05 277.06 277.07 277.09
278::277.04 277.05 277.06 277.07 277.03 277.08 277.09::277.00 277.01 277.02
279::277.04 277.05 277.06 277.07 277.00 277.01 277.02 277.08 277.09::277.03
280::280.06 280.05 280.03 280.09::280.00 280.01 280.02 280.04 280.07 280.08 280.10
281::280.06 280.05 280.02 280.03 280.00 280.01 280.08 280.09::280.04 280.07 280.10
282::280.06 280.04 280.05 280.02 280.03 280.00 280.01 280.08 280.09::280.07 280.10
283::280.06 280.07 280.05 280.02 280.03 280.00 280.01 280.08 280.09::280.04 280.10
284::280.07 280.04 280.03 280.01 280.08 280.09 280.10::280.00 280.02 280.05 280.06
285::280.07 280.04 280.02 280.10 280.00::280.01 280.03 280.05 280.06 280.08 280.09
286::280.05::280.00 280.01 280.02 280.03 280.04 280.06 280.07 280.08 280.09 280.10
287::287.03 287.02 287.01 287.00::287.04 287.05 287.06 287.07 287.08 287.09
288::287.07 287.05 287.04::287.00 287.01 287.02 287.03 287.06 287.08 287.09
289::287.03 287.02 287.01::287.00 287.04 287.05 287.06 287.07 287.08 287.09
290::290.07 290.06 290.01 290.00::290.02 290.03 290.04 290.05 290.08 290.09 290.10
291::290.07 290.06 290.05 290.04 290.03 290.00 290.09 290.08 290.10::290.01 290.02
292::290.07 290.06 290.04 290.03 290.02 290.01 290.00 290.09 290.10::290.05 290.08
293::290.07 290.06 290.05 290.01 290.00 290.09 290.08 290.10::290.02 290.03 290.04
294::290.06 290.05 290.03 290.00 290.09 290.08 290.10::290.01 290.02 290.04 290.07
295::290.05 290.04 290.03 290.02::290.00 290.01 290.06 290.07 290.08 290.09 290.10
296::290.07::290.00 290.01 290.02 290.03 290.04 290.05 290.06 290.08 290.09 290.10
297::297.02 297.03 297.00 297.09::297.01 297.04 297.05 297.06 297.07 297.08 297.10
298::297.06 297.07 297.04 297.05 297.02 297.03 297.00 297.08 297.09 297.10::297.01
299::297.06 297.05 297.08 297.01::297.00 297.02 297.03 297.04 297.07 297.09 297.10
300::297.07 297.04 297.05 297.10 297.08 297.09::297.00 297.01 297.02 297.03 297.06
301::297.07 297.04 297.08 297.01::297.00 297.02 297.03 297.05 297.06 297.09 297.10
302::297.06 297.07 297.04 297.05 297.01 297.08::297.00 297.02 297.03 297.09 297.10
303::297.00::297.01 297.02 297.03 297.04 297.05 297.06 297.07 297.08 297.09 297.10
304::304.01::304.00 304.02 304.03 304.04 304.05 304.06 304.07
305::304.01 304.00 304.02::304.03 304.04 304.05 304.06 304.07
306::304.05 304.04::304.00 304.01 304.02 304.03 304.06 304.07
307::304.06 304.01 304.02::304.00 304.03 304.04 304.05 304.07
308::308.00::308.01 308.02 308.03 308.04 308.05 308.06
309::308.05 308.04::308.00 308.01 308.02 308.03 308.06
310::308.01 308.00 308.03 308.02 308.04 308.06::308.05
311::308.01 308.05::308.00 308.02 308.03 308.04 308.06
312::308.00 308.04::308.01 308.02 308.03 308.05 308.06
313::313.02::313.00 313.01 313.03 313.04 313.05 313.06
314::313.01 313.00 313.03 313.04::313.02 313.05 313.06
315::313.01 313.03 313.02 313.05 313.06::313.00 313.04
316::313.03 313.04::313.00 313.01 313.02 313.05 313.06
317::313.02 313.05 313.04 313.06::313.00 313.01 313.03
318::313.00 313.05 313.04::313.01 313.02 313.03 313.06
319::319.02::319.00 319.01 319.03 319.04 319.05 319.06 319.07
320::319.03 319.02 319.00 319.07 319.06 319.05::319.01 319.04
321::319.00 319.07 319.06 319.05 319.04::319.01 319.02 319.03
322::319.02 319.01 319.00 319.07 319.06 319.05 319.04::319.03
323::319.03 319.02 319.01 319.07 319.06 319.05 319.04::319.00
324::319.03 319.01 319.00 319.07 319.05 319.04::319.02 319.06
325::325.07 325.08 325.01 325.09::325.00 325.02 325.03 325.04 325.05 325.06 325.10
326::325.04 325.05 325.06 325.00 325.02 325.03::325.01 325.07 325.08 325.09 325.10
327::325.07 325.00 325.01 325.03 325.08 325.09::325.02 325.04 325.05 325.06 325.10
328::325.05 325.03::325.00 325.01 325.02 325.04 325.06 325.07 325.08 325.09 325.10
329::329.08 329.09 329.03 329.05::329.00 329.01 329.02 329.04 329.06 329.07 329.10 329.11
330::330.02 330.00 330.01 330.08::330.03 330.04 330.05 330.06 330.07 330.09 330.10 330.11
331::331.05 331.04 331.06 331.03::331.00 331.01 331.02 331.07 331.08 331.09 331.10 331.11 331.12
332::332.01::332.00 332.02 332.03 332.04 332.05 332.06 332.07 332.08 332.09
333::332.04 332.06 332.07 332.03::332.00 332.01 332.02 332.05 332.08 332.09
334::332.05 332.06 332.03::332.00 332.01 332.02 332.04 332.07 332.08 332.09
335::332.04 332.05 332.06 332.07 332.03::332.00 332.01 332.02 332.08 332.09
336::332.06 332.07::332.00 332.01 332.02 332.03 332.04 332.05 332.08 332.09
337::337.02::337.00 337.01 337.03 337.04 337.05 337.06 337.07
338::338.01::338.00 338.02 338.03 338.04 338.05 338.06 338.07 338.08
339::339.04 339.06 339.10 339.03::339.00 339.01 339.02 339.05 339.07 339.08 339.09
340::339.10 339.05 339.04 339.07 339.06 339.00 339.03 339.02 339.09 339.08::339.01
341::339.04 339.06 339.10 339.03 339.02::339.00 339.01 339.05 339.07 339.08 339.09
342::339.04 339.01 339.08 339.02::339.00 339.03 339.05 339.06 339.07 339.09 339.10
343::339.01 339.02::339.00 339.03 339.04 339.05 339.06 339.07 339.08 339.09 339.10
344::339.05 339.07 339.09 339.08 339.00::339.01 339.02 339.03 339.04 339.06 339.10
345::339.06::339.00 339.01 339.02 339.03 339.04 339.05 339.07 339.08 339.09 339.10
346::339.04::339.00 339.01 339.02 339.03 339.05 339.06 339.07 339.08 339.09 339.10
347::339.04 339.08 339.02::339.00 339.01 339.03 339.05 339.06 339.07 339.09 339.10
348::348.09 348.01 348.00 348.02::348.03 348.04 348.05 348.06 348.07 348.08 348.10
349::349.09 349.10 349.01 349.07::349.00 349.02 349.03 349.04 349.05 349.06 349.08
350::349.02 349.03 349.00 349.06 349.04 349.05 349.08::349.01 349.07 349.09 349.10
351::349.10 349.09 349.07::349.00 349.01 349.02 349.03 349.04 349.05 349.06 349.08
352::349.10 349.02 349.03 349.06 349.07 349.04 349.08 349.09::349.00 349.01 349.05
353::353.08 353.01 353.00 353.02::353.03 353.04 353.05 353.06 353.07 353.09
354::353.00::353.01 353.02 353.03 353.04 353.05 353.06 353.07 353.08 353.09
355::353.00::353.01 353.02 353.03 353.04 353.05 353.06 353.07 353.08 353.09
356::356.05 356.02 356.08 356.01::356.00 356.03 356.04 356.06 356.07 356.09 356.10
357::356.05 356.02::356.00 356.01 356.03 356.04 356.06 356.07 356.08 356.09 356.10
358::356.05 356.02::356.00 356.01 356.03 356.04 356.06 356.07 356.08 356.09 356.10
359::359.01::359.00 359.02 359.03 359.04 359.05 359.06 359.07
360::359.03 359.01::359.00 359.02 359.04 359.05 359.06 359.07
361::361.00::361.01 361.02 361.03 361.04 361.05 361.06
362::362.02::362.00 362.01 362.03 362.04 362.05 362.06
363::362.04 362.06 362.02::362.00 362.01 362.03 362.05
364::362.04 362.01 362.00 362.03::362.02 362.05 362.06
365::362.06 362.02::362.00 362.01 362.03 362.04 362.05
366::362.04 362.01::362.00 362.02 362.03 362.05 362.06
367::362.05 362.04 362.06 362.01 362.03 362.02::362.00
368::368.01::368.00 368.02 368.03 368.04 368.05 368.06
369::369.08 369.06 369.00 369.03::369.01 369.02 369.04 369.05 369.07 369.09 369.10
370::369.08 369.06 369.00::369.01 369.02 369.03 369.04 369.05 369.07 369.09 369.10
371::369.07::369.00 369.01 369.02 369.03 369.04 369.05 369.06 369.08 369.09 369.10
372::369.04 369.06 369.01::369.00 369.02 369.03 369.05 369.07 369.08 369.09 369.10
373::369.03::369.00 369.01 369.02 369.04 369.05 369.06 369.07 369.08 369.09 369.10
374::369.06::369.00 369.01 369.02 369.03 369.04 369.05 369.07 369.08 369.09 369.10
375::375.04 375.07 375.08 375.03::375.00 375.01 375.02 375.05 375.06 375.09 375.10
376::375.04 375.07::375.00 375.01 375.02 375.03 375.05 375.06 375.08 375.09 375.10
377::377.07 377.06 377.05 377.04::377.00 377.01 377.02 377.03 377.08 377.09 377.10 377.11
378::377.10 377.05 377.04 377.00::377.01 377.02 377.03 377.06 377.07 377.08 377.09 377.11
379::377.06 377.05 377.04::377.00 377.01 377.02 377.03 377.07 377.08 377.09 377.10 377.11
380::377.03 377.02 377.01 377.00 377.09 377.08 377.10 377.11::377.04 377.05 377.06 377.07
381::377.04 377.01::377.00 377.02 377.03 377.05 377.06 377.07 377.08 377.09 377.10 377.11
382::377.04::377.00 377.01 377.02 377.03 377.05 377.06 377.07 377.08 377.09 377.10 377.11
383::383.01 383.10 383.11 383.09::383.00 383.02 383.03 383.04 383.05 383.06 383.07 383.08
384::383.08 383.09 383.05::383.00 383.01 383.02 383.03 383.04 383.06 383.07 383.10 383.11
385::383.09::383.00 383.01 383.02 383.03 383.04 383.05 383.06 383.07 383.08 383.10 383.11
386::386.07 386.05 386.04 386.03::386.00 386.01 386.02 386.06 386.08 386.09 386.10
387::386.03 386.02::386.00 386.01 386.04 386.05 386.06 386.07 386.08 386.09 386.10
388::386.03::386.00 386.01 386.02 386.04 386.05 386.06 386.07 386.08 386.09 386.10
389::389.01::389.00 389.02 389.03 389.04 389.05 389.06
390::389.00::389.01 389.02 389.03 389.04 389.05 389.06
391::389.06 389.04 389.05 389.02 389.03::389.00 389.01
392::389.02 389.00 389.01::389.03 389.04 389.05 389.06
393::389.04 389.05 389.03::389.00 389.01 389.02 389.06
394::389.00 389.01::389.02 389.03 389.04 389.05 389.06
395::395.03::395.00 395.01 395.02 395.04 395.05 395.06
396::396.01::396.00 396.02 396.03 396.04 396.05 396.06
397::396.03 396.01::396.00 396.02 396.04 396.05 396.06
398::396.03 396.01 396.05::396.00 396.02 396.04 396.06
399::396.02 396.06 396.04 396.05::396.00 396.01 396.03
400::400.01::400.00 400.02 400.03 400.04 400.05
401::401.00::401.01 401.02 401.03 401.04 401.05 401.06
402::402.02 402.03 402.04 402.10::402.00 402.01 402.05 402.06 402.07 402.08 402.09 402.11
403::402.01 402.09 402.05::402.00 402.02 402.03 402.04 402.06 402.07 402.08 402.10 402.11
404::402.02 402.03 402.04::402.00 402.01 402.05 402.06 402.07 402.08 402.09 402.10 402.11
405::405.02 405.07 405.05 405.04::405.00 405.01 405.03 405.06 405.08 405.09 405.10
406::406.06 406.04 406.05 406.03::406.00 406.01 406.02 406.07 406.08 406.09 406.10
407::406.04 406.02 406.10::406.00 406.01 406.03 406.05 406.06 406.07 406.08 406.09
408::406.07 406.02 406.08 406.09::406.00 406.01 406.03 406.04 406.05 406.06 406.10
409::406.08 406.09 406.07 406.02 406.10 406.00 406.01::406.03 406.04 406.05 406.06
410::406.08 406.09 406.06 406.07 406.05 406.02 406.03 406.00 406.01::406.04 406.10
411::406.06 406.05 406.03::406.00 406.01 406.02 406.04 406.07 406.08 406.09 406.10
412::412.07 412.06 412.04 412.03::412.00 412.01 412.02 412.05 412.08 412.09 412.10
413::412.07 412.06 412.03::412.00 412.01 412.02 412.04 412.05 412.08 412.09 412.10
414::412.07 412.06 412.03 412.09::412.00 412.01 412.02 412.04 412.05 412.08 412.10
415::415.04 415.05 415.02 415.03::415.00 415.01 415.06 415.07 415.08 415.09 415.10
416::416.00::416.01 416.02 416.03 416.04 416.05 416.06
417::416.01 416.00 416.05::416.02 416.03 416.04 416.06
418::416.03 416.02 416.01 416.05::416.00 416.04 416.06
419::416.01 416.00 416.05::416.02 416.03 416.04 416.06
420::416.03 416.02 416.01 416.06 416.05 416.04::416.00
421::416.02 416.01::416.00 416.03 416.04 416.05 416.06
422::422.02::422.00 422.01 422.03 422.04 422.05 422.06 422.07
423::423.07::423.00 423.01 423.02 423.03 423.04 423.05 423.06
424::423.03 423.07 423.06 423.05::423.00 423.01 423.02 423.04
425::423.02::423.00 423.01 423.03 423.04 423.05 423.06 423.07
426::423.03 423.02 423.00 423.06 423.05 423.04::423.01 423.07
427::423.02 423.07 423.06::423.00 423.01 423.03 423.04 423.05
428::423.03 423.02 423.01 423.00 423.07 423.06 423.04::423.05
429::429.00::429.01 429.02 429.03 429.04 429.05 429.06
430::430.05::430.00 430.01 430.02 430.03 430.04 430.06
431::431.02::431.00 431.01 431.03 431.04 431.05 431.06 431.07
432::432.05 432.07 432.09 432.08::432.00 432.01 432.02 432.03 432.04 432.06 432.10
433::432.05 432.07::432.00 432.01 432.02 432.03 432.04 432.06 432.08 432.09 432.10
434::432.05 432.07::432.00 432.01 432.02 432.03 432.04 432.06 432.08 432.09 432.10
435::435.00 435.01 435.02 435.03::435.04 435.05 435.06 435.07 435.08 435.09 435.10
436::435.00 435.01 435.02 435.03 435.04 435.05 435.06 435.07 435.08::435.09 435.10
437::435.00 435.02 435.03 435.04 435.05::435.01 435.06 435.07 435.08 435.09 435.10
438::435.00 435.01 435.02 435.03 435.04 435.05 435.07 435.08 435.09 435.10::435.06
439::435.00 435.03 435.04::435.01 435.02 435.05 435.06 435.07 435.08 435.09 435.10
440::435.00 435.03::435.01 435.02 435.04 435.05 435.06 435.07 435.08 435.09 435.10
441::441.07 441.06 441.05 441.04::441.00 441.01 441.02 441.03 441.08 441.09 441.10
442::441.04::441.00 441.01 441.02 441.03 441.05 441.06 441.07 441.08 441.09 441.10
443::443.00 443.06::443.01 443.02 443.03 443.04 443.05
444::443.00 443.06::443.01 443.02 443.03 443.04 443.05
445::445.00::445.01 445.02 445.03 445.04 445.05 445.06 445.07 445.08
446::445.07 445.05 445.04 445.03 445.02 445.01 445.00 445.08::445.06
447::445.04 445.03 445.02 445.00::445.01 445.05 445.06 445.07 445.08
448::445.07 445.06 445.05 445.03 445.01 445.00 445.08::445.02 445.04
449::449.00::449.01 449.02 449.03 449.04 449.05 449.06 449.07
450::449.03 449.02 449.01 449.00 449.07::449.04 449.05 449.06
451::449.03 449.02 449.01::449.00 449.04 449.05 449.06 449.07
452::449.02 449.05 449.04::449.00 449.01 449.03 449.06 449.07
453::449.07 449.05 449.04::449.00 449.01 449.02 449.03 449.06
454::454.00::454.01 454.02 454.03 454.04 454.05 454.06 454.07
455::455.02::455.00 455.01 455.03 455.04 455.05 455.06
456::456.07 456.04 456.03 456.01::456.00 456.02 456.05 456.06 456.08 456.09
457::456.04 456.03::456.00 456.01 456.02 456.05 456.06 456.07 456.08 456.09
458::456.06 456.05 456.02 456.00 456.09 456.08::456.01 456.03 456.04 456.07
459::456.05 456.01::456.00 456.02 456.03 456.04 456.06 456.07 456.08 456.09
460::456.01::456.00 456.02 456.03 456.04 456.05 456.06 456.07 456.08 456.09
461::461.05 461.07 461.06 461.08::461.00 461.01 461.02 461.03 461.04 461.09
462::461.05 461.02::461.00 461.01 461.03 461.04 461.06 461.07 461.08 461.09
463::463.07 463.06 463.05 463.08::463.00 463.01 463.02 463.03 463.04 463.09 463.10
464::463.10 463.03 463.09 463.01 463.08::463.00 463.02 463.04 463.05 463.06 463.07
465::463.09 463.02 463.01 463.00::463.03 463.04 463.05 463.06 463.07 463.08 463.10
466::466.00 466.08 466.09 466.07::466.01 466.02 466.03 466.04 466.05 466.06
467::467.03 467.02 467.09 467.00::467.01 467.04 467.05 467.06 467.07 467.08 467.10
468::467.01 467.00::467.02 467.03 467.04 467.05 467.06 467.07 467.08 467.09 467.10
469::467.00::467.01 467.02 467.03 467.04 467.05 467.06 467.07 467.08 467.09 467.10
470::470.03::470.00 470.01 470.02 470.04 470.05 470.06
471::471.02::471.00 471.01 471.03 471.04 471.05 471.06 471.07
472::472.05::472.00 472.01 472.02 472.03 472.04 472.06
473::473.00::473.01 473.02 473.03 473.04 473.05 473.06
474::474.06 474.05 474.03 474.02 474.11::474.00 474.01 474.04 474.07 474.08 474.09 474.10
475::474.10 474.09 474.08::474.00 474.01 474.02 474.03 474.04 474.05 474.06 474.07 474.11
476::474.10 474.09::474.00 474.01 474.02 474.03 474.04 474.05 474.06 474.07 474.08 474.11
477::474.07 474.04 474.01::474.00 474.02 474.03 474.05 474.06 474.08 474.09 474.10 474.11
478::478.02 478.09 478.00 478.10 478.12::478.01 478.03 478.04 478.05 478.06 478.07 478.08 478.11
479::478.09 478.10::478.00 478.01 478.02 478.03 478.04 478.05 478.06 478.07 478.08 478.11 478.12
480::480.04 480.05 480.06 480.07 480.03::480.00 480.01 480.02 480.08 480.09 480.10 480.11 480.12
481::480.05 480.06 480.00 480.02::480.01 480.03 480.04 480.07 480.08 480.09 480.10 480.11 480.12
482::480.05 480.06 480.10 480.00 480.02::480.01 480.03 480.04 480.07 480.08 480.09 480.11 480.12
483::480.04 480.07 480.03::480.00 480.01 480.02 480.05 480.06 480.08 480.09 480.10 480.11 480.12
484::484.02 484.03 484.04 484.05 484.10::484.00 484.01 484.06 484.07 484.08 484.09 484.11 484.12 484.13
485::484.02::484.00 484.01 484.03 484.04 484.05 484.06 484.07 484.08 484.09 484.10 484.11 484.12 484.13
486::486.06 486.04 486.05 486.03::486.00 486.01 486.02 486.07 486.08 486.09 486.10
487::487.01::487.00 487.02 487.03 487.04 487.05 487.06 487.07 487.08
488::487.00 487.08::487.01 487.02 487.03 487.04 487.05 487.06 487.07
489::487.01 487.02 487.04 487.07 487.06 487.08::487.00 487.03 487.05
490::487.05 487.07::487.00 487.01 487.02 487.03 487.04 487.06 487.08
491::487.01 487.00 487.03 487.05 487.07::487.02 487.04 487.06 487.08
492::487.08 487.04::487.00 487.01 487.02 487.03 487.05 487.06 487.07
493::493.01::493.00 493.02 493.03 493.04 493.05 493.06 493.07
494::494.02::494.00 494.01 494.03 494.04 494.05 494.06 494.07
495::494.01 494.00 494.03 494.02 494.07::494.04 494.05 494.06
496::494.01 494.00 494.03 494.04 494.06::494.02 494.05 494.07
497::494.02 494.07::494.00 494.01 494.03 494.04 494.05 494.06
498::494.05 494.04 494.07::494.00 494.01 494.02 494.03 494.06
499::494.03 494.02 494.05 494.04 494.07::494.00 494.01 494.06
500::500.05::500.00 500.01 500.02 500.03 500.04 500.06 500.07
501::501.01::501.00 501.02 501.03 501.04 501.05 501.06
